hour,new comments,total comments
1,501,501
2,345,846
3,260,1106
4,212,1318
5,163,1481
6,133,1614
7,102,1716
8,78,1794
9,64,1858
10,58,1916
11,51,1967
12,42,2009
13,38,2047
14,35,2082
15,31,2113
16,29,2142
17,28,2170
18,27,2197
19,26,2223
20,25,2248
21,24,2272
22,23,2295
23,22,2317
24,21,2338
25,20,2358
26,19,2377
27,18,2395
28,17,2412
29,16,2428
30,15,2443
31,14,2457
32,13,2470
33,12,2482
34,11,2493
35,10,2503
36,9,2512